1,    10 loss: 8.215
1,    20 loss: 8.175
1,    30 loss: 8.090
1,    40 loss: 8.096
2,    10 loss: 8.125
2,    20 loss: 8.001
2,    30 loss: 8.008
2,    40 loss: 8.007
3,    10 loss: 7.883
3,    20 loss: 7.991
3,    30 loss: 8.023
3,    40 loss: 8.032
4,    10 loss: 7.942
4,    20 loss: 8.054
4,    30 loss: 7.998
4,    40 loss: 8.047
5,    10 loss: 7.844
5,    20 loss: 8.074
5,    30 loss: 8.040
5,    40 loss: 7.930
6,    10 loss: 7.955
6,    20 loss: 7.914
6,    30 loss: 8.048
6,    40 loss: 7.905
7,    10 loss: 7.996
7,    20 loss: 7.911
7,    30 loss: 7.893
7,    40 loss: 7.868
8,    10 loss: 7.899
8,    20 loss: 7.893
8,    30 loss: 7.826
8,    40 loss: 8.087
9,    10 loss: 7.868
9,    20 loss: 7.957
9,    30 loss: 7.940
9,    40 loss: 7.915
10,    10 loss: 7.810
10,    20 loss: 7.943
10,    30 loss: 8.024
10,    40 loss: 7.868
11,    10 loss: 7.969
11,    20 loss: 7.837
11,    30 loss: 7.833
11,    40 loss: 7.821
12,    10 loss: 7.668
12,    20 loss: 7.956
12,    30 loss: 7.883
12,    40 loss: 7.713
13,    10 loss: 7.902
13,    20 loss: 7.814
13,    30 loss: 7.882
13,    40 loss: 7.849
14,    10 loss: 7.829
14,    20 loss: 7.851
14,    30 loss: 7.771
14,    40 loss: 7.798
15,    10 loss: 7.842
15,    20 loss: 7.763
15,    30 loss: 7.832
15,    40 loss: 7.704
16,    10 loss: 7.768
16,    20 loss: 7.810
16,    30 loss: 7.854
16,    40 loss: 7.786
17,    10 loss: 7.850
17,    20 loss: 7.786
17,    30 loss: 7.739
17,    40 loss: 7.680
18,    10 loss: 7.905
18,    20 loss: 7.723
18,    30 loss: 7.693
18,    40 loss: 7.684
19,    10 loss: 7.824
19,    20 loss: 7.699
19,    30 loss: 7.634
19,    40 loss: 7.655
20,    10 loss: 7.758
20,    20 loss: 7.741
20,    30 loss: 7.695
20,    40 loss: 7.660
21,    10 loss: 7.664
21,    20 loss: 7.749
21,    30 loss: 7.630
21,    40 loss: 7.706
22,    10 loss: 7.773
22,    20 loss: 7.658
22,    30 loss: 7.608
22,    40 loss: 7.699
23,    10 loss: 7.631
23,    20 loss: 7.531
23,    30 loss: 7.691
23,    40 loss: 7.670
24,    10 loss: 7.616
24,    20 loss: 7.613
24,    30 loss: 7.682
24,    40 loss: 7.648
25,    10 loss: 7.578
25,    20 loss: 7.599
25,    30 loss: 7.596
25,    40 loss: 7.747
26,    10 loss: 7.606
26,    20 loss: 7.586
26,    30 loss: 7.589
26,    40 loss: 7.650
27,    10 loss: 7.543
27,    20 loss: 7.590
27,    30 loss: 7.513
27,    40 loss: 7.557
28,    10 loss: 7.570
28,    20 loss: 7.472
28,    30 loss: 7.486
28,    40 loss: 7.623
29,    10 loss: 7.553
29,    20 loss: 7.467
29,    30 loss: 7.577
29,    40 loss: 7.510
30,    10 loss: 7.443
30,    20 loss: 7.649
30,    30 loss: 7.521
30,    40 loss: 7.431
31,    10 loss: 7.514
31,    20 loss: 7.492
31,    30 loss: 7.464
31,    40 loss: 7.424
32,    10 loss: 7.442
32,    20 loss: 7.453
32,    30 loss: 7.533
32,    40 loss: 7.366
33,    10 loss: 7.528
33,    20 loss: 7.495
33,    30 loss: 7.434
33,    40 loss: 7.382
34,    10 loss: 7.387
34,    20 loss: 7.510
34,    30 loss: 7.438
34,    40 loss: 7.431
35,    10 loss: 7.436
35,    20 loss: 7.387
35,    30 loss: 7.378
35,    40 loss: 7.456
36,    10 loss: 7.434
36,    20 loss: 7.397
36,    30 loss: 7.316
36,    40 loss: 7.405
37,    10 loss: 7.370
37,    20 loss: 7.441
37,    30 loss: 7.414
37,    40 loss: 7.369
38,    10 loss: 7.407
38,    20 loss: 7.373
38,    30 loss: 7.327
38,    40 loss: 7.356
39,    10 loss: 7.234
39,    20 loss: 7.368
39,    30 loss: 7.401
39,    40 loss: 7.311
40,    10 loss: 7.351
40,    20 loss: 7.272
40,    30 loss: 7.163
40,    40 loss: 7.335
41,    10 loss: 7.176
41,    20 loss: 7.368
41,    30 loss: 7.278
41,    40 loss: 7.345
42,    10 loss: 7.260
42,    20 loss: 7.400
42,    30 loss: 7.250
42,    40 loss: 7.288
43,    10 loss: 7.327
43,    20 loss: 7.393
43,    30 loss: 7.311
43,    40 loss: 7.196
44,    10 loss: 7.245
44,    20 loss: 7.212
44,    30 loss: 7.373
44,    40 loss: 7.299
45,    10 loss: 7.215
45,    20 loss: 7.231
45,    30 loss: 7.243
45,    40 loss: 7.270
46,    10 loss: 7.182
46,    20 loss: 7.214
46,    30 loss: 7.243
46,    40 loss: 7.261
47,    10 loss: 7.181
47,    20 loss: 7.103
47,    30 loss: 7.317
47,    40 loss: 7.183
48,    10 loss: 7.111
48,    20 loss: 7.257
48,    30 loss: 7.181
48,    40 loss: 7.170
49,    10 loss: 7.168
49,    20 loss: 7.264
49,    30 loss: 7.156
49,    40 loss: 7.103
50,    10 loss: 7.141
50,    20 loss: 7.161
50,    30 loss: 7.076
50,    40 loss: 7.155
51,    10 loss: 7.118
51,    20 loss: 7.153
51,    30 loss: 7.216
51,    40 loss: 7.077
52,    10 loss: 7.217
52,    20 loss: 7.169
52,    30 loss: 7.142
52,    40 loss: 7.065
53,    10 loss: 7.162
53,    20 loss: 7.140
53,    30 loss: 7.235
53,    40 loss: 7.174
54,    10 loss: 7.152
